PlaceStone:	4.1 , 0.9059334 , 6.406113
PlaceStone:	4.1 , 0.6997685 , 4.933771
PlaceStone:	4.1 , 2.300897 , 4.792353
PlaceStone:	4.1 , 1.608683 , 3.567427
